84 87 78 16
68 36 30 3
94 57 12 43
30 74 22 20
92 81 57 74
89 85 4 52
77 69 40 13
66 90 45 20
80 89 65 29
35 65 25 15
59 96 30 38
36 94 19 29
91 100 73 26
45 91 6 40
47 69 41 23
12 11 6 2
23 66 9 17
83 59 25 38
100 97 60 74
91 85 77 43
41 68 6 29
93 73 73 51
99 91 25 91
22 68 5 14
59 99 37 9
54 49 4 34
50 91 4 34
76 89 58 30
37 61 15 22
60 52 36 35
40 93 16 28
93 96 44 45
42 70 27 33
90 75 56 42
90 84 8 79
71 100 18 40
75 92 48 52
82 17 17 3
39 81 19 22
78 86 37 5
77 84 8 60
92 76 56 15
44 75 15 14
80 78 63 76
97 82 66 61
99 87 41 79
42 49 24 25
72 77 70 19
90 60 7 11
91 55 51 32
97 26 5 23
35 82 7 16
86 87 86 31
91 84 15 77
58 98 28 27
70 72 52 50
58 67 53 18
85 96 77 6
55 74 16 7
92 73 38 38
52 13 1 7
80 42 13 39
62 91 24 51
82 76 67 12
90 41 9 24
72 96 70 60
92 90 28 67
47 84 39 26
80 91 54 36
96 99 8 42
40 64 36 5
89 95 21 81
99 87 19 53
54 98 33 4
80 35 17 15
30 64 1 9
45 41 21 27
33 35 8 11
85 97 25 83
64 67 12 1
100 78 36 15
65 70 47 8
73 92 41 12
68 98 1 68
40 67 26 37
54 61 53 21
83 93 12 36
58 82 24 30
49 22 21 10
75 59 6 11
43 93 31 23
70 62 35 34
96 75 51 32
96 64 36 32
100 48 30 3
65 80 59 54
64 83 39 28
96 91 90 55
96 91 6 47
67 68 64 5
73 56 12 34
52 38 2 34
86 90 84 45
82 20 17 19
85 43 33 8
97 62 19 26
38 54 16 14
36 39 24 32
36 97 25 7
99 57 14 36
70 78 10 10
81 96 33 32
89 78 7 69
84 56 4 38
93 75 24 7
61 95 4 7
19 43 5 6
27 81 3 13
64 75 25 43
79 65 43 26
84 87 7 38
67 38 5 34
76 56 39 1
61 48 32 45
67 60 30 28
74 36 30 25
83 89 4 62
56 63 37 32
77 88 18 35
83 54 54 3
84 46 23 35
97 56 48 7
56 93 6 22
42 54 24 30
80 64 20 20
74 57 16 13
56 40 7 13
30 62 4 19
71 52 29 27
60 92 50 10
81 18 5 8
97 99 92 9
90 94 18 63
42 47 24 39
68 68 22 17
66 66 25 7
59 42 21 26
92 89 80 32
74 82 40 40
70 78 41 16
97 95 24 71
73 48 17 48
62 78 52 19
78 76 6 27
63 97 25 33
48 93 19 1
84 51 48 2
63 63 52 33
79 56 50 9
91 71 69 42
90 85 11 50
43 84 4 13
63 53 35 4
62 72 9 1
65 91 55 31
73 98 26 22
81 84 28 21
100 81 71 39
64 71 48 58
98 76 14 21
94 86 76 12
48 54 24 4
65 65 37 16
89 81 54 72
71 81 38 44
26 43 5 4
87 54 25 8
39 86 17 25
78 73 33 39
87 51 19 10
79 80 48 17
31 89 4 11
80 62 62 10
90 58 11 20
58 70 4 58
25 26 6 8
85 70 32 70
66 52 52 8
55 52 46 12
96 36 32 7
60 79 34 39
100 74 59 29
47 50 19 1
34 96 28 33
82 78 70 16
100 90 20 72
84 56 45 50
67 65 38 57
85 83 56 20
83 59 21 1
64 89 10 10
73 34 8 19
68 83 41 29
61 97 33 14
87 78 47 50
88 91 81 82
92 92 54 8
74 88 12 60
79 100 47 70
57 56 5 28
95 88 45 5
77 74 20 67
90 38 17 38
47 52 1 2
97 96 55 90
64 69 36 59
84 73 35 8
85 46 42 11
95 23 18 16
60 87 11 29
87 86 81 78
55 23 3 2
68 49 21 27
87 84 8 72
44 79 32 12
88 97 36 53
87 99 58 30
77 89 41 55
77 60 50 32
74 46 39 2
80 99 64 60
86 74 19 12
71 58 13 9
89 69 40 2
94 54 45 25
82 41 23 41
27 47 18 6
60 52 28 28
49 67 16 42
47 92 25 4
63 70 33 28
51 60 39 30
65 66 10 44
54 60 35 28
96 77 70 12
47 44 34 41
88 44 29 39
75 96 25 43
98 61 58 25
93 50 3 27
61 51 28 41
11 38 8 11
96 95 85 76
99 84 66 60
69 77 5 16
54 95 26 7
40 66 37 31
63 70 10 39
85 65 35 10
61 99 53 24
49 76 44 16
73 90 60 48
80 99 76 16
63 62 25 33
91 91 10 16
80 69 63 11
29 38 4 10
82 84 48 41
81 86 36 76
92 56 28 44
54 66 28 27
57 53 8 33
83 69 58 24
66 51 39 34
94 92 53 16
85 97 34 52
45 74 36 25
43 82 30 4
66 96 8 55
52 86 13 10
45 38 30 11
55 52 47 5
52 76 38 35
6 5 4 3
63 39 19 5
94 83 16 26
69 66 65 58
97 83 46 11
99 52 47 44
34 62 22 2
79 86 11 40
29 35 4 23
87 29 13 22
76 51 2 38
27 58 16 6
34 99 17 15
99 56 45 26
91 98 9 33
71 79 61 66
100 93 82 88
72 55 28 2
82 81 75 38
91 86 16 26
90 88 77 85
91 41 1 36
78 81 7 72
90 67 29 58
99 24 16 18
91 83 15 56
97 60 26 3
74 56 33 37
95 50 41 5
71 98 29 58
88 98 2 81
69 95 58 65
54 36 20 27
91 52 16 37
62 53 13 45
89 97 19 11
46 47 20 34
96 75 28 72
65 98 60 38
67 42 1 38
44 51 17 36
87 60 28 24
52 64 26 34
97 77 45 31
50 57 44 46
86 88 28 52
87 71 51 5
91 87 2 57
95 98 8 80
57 65 22 17
77 86 29 13
44 93 4 43
98 89 89 41
92 95 7 13
83 60 10 58
99 68 6 29
46 52 10 25
75 72 39 57
9 98 9 6
79 93 46 1
75 78 52 32
55 92 15 28
83 21 4 12
48 77 37 23
88 83 14 1
59 50 39 28
81 86 59 68
21 24 20 7
98 76 24 9
76 81 32 56
13 94 11 5
85 86 72 57
44 72 10 40
91 65 17 55
87 38 5 36
89 60 9 15
69 94 56 24
32 30 13 23
92 60 5 18
55 92 44 41
78 91 34 51
87 70 45 45
72 93 31 62
32 95 29 18
63 72 50 61
43 90 9 14
35 39 28 5
74 55 27 17
95 52 48 10
81 76 67 72
28 43 2 2
86 55 6 31
91 57 50 19
88 86 70 31
66 47 2 5
77 100 28 5
53 77 32 18
23 34 22 6
81 58 24 37
86 86 57 12
92 72 43 29
68 93 65 11
86 74 52 23
39 45 34 19
76 85 73 66
87 69 18 2
59 60 45 43
72 77 16 1
56 34 20 9
91 75 48 50
81 62 27 61
64 76 53 28
80 66 48 61
79 74 21 58
83 52 23 5
69 15 6 7
85 96 2 65
75 97 1 9
28 22 16 21
87 100 28 44
73 78 30 29
98 86 61 84
37 88 27 6
75 92 57 54
100 90 47 58
99 24 16 16
81 48 44 17
86 94 21 66
78 62 19 36
22 94 5 19
87 71 57 60
33 88 28 25
55 81 12 51
55 63 29 46
76 65 16 48
74 72 24 11
88 81 16 52
88 62 32 54
81 61 5 6
50 45 13 9
100 95 34 68
94 70 33 14
76 41 40 7
98 72 36 23
98 98 98 68
88 87 71 37
37 73 34 30
99 33 12 3
91 89 48 68
76 81 56 25
17 69 1 7
66 41 31 27
40 57 13 12
41 91 35 30
58 98 26 25
60 89 12 39
50 52 14 19
94 49 43 23
24 87 13 15
62 60 49 15
69 82 53 15
82 48 37 6
49 61 22 15
21 26 16 7
76 54 33 15
44 84 38 34
26 98 13 1
78 26 7 2
95 82 74 65
84 92 9 59
93 17 3 1
78 57 27 1
70 77 58 3
78 61 18 55
17 44 7 12
67 85 48 32
89 93 60 66
55 100 44 43
83 33 19 6
54 100 48 46
72 81 67 37
57 74 46 11
23 25 11 18
59 64 32 5
89 93 86 63
65 98 54 5
90 92 67 6
82 57 53 20
99 10 4 4
71 53 35 47
42 86 21 23
96 75 73 55
80 83 29 27
66 81 13 45
77 93 10 9
72 65 2 56
67 57 1 43
51 27 14 22
89 69 23 66
87 91 78 75
68 64 46 56
86 87 58 82
91 81 40 75
53 64 20 39
85 62 16 13
93 81 71 19
73 77 42 65
21 41 5 19
44 83 7 16
94 85 38 59
93 59 27 3
33 83 25 26
90 52 44 19
30 40 7 17
98 83 66 25
56 78 19 39
0 0 0 0
